[CR,(71,16),(39,32)]
[CR,(27,25),(53,73)]
[CR,(19,57),(38,0)]
[CR,(73,74),(64,17)]
[CR,(63,39),(5,16)]
[CR,(4,7),(1,15)]
close:(1,16),(1,17)
[CR,(66,70),(67,12)]
[CR,(55,15),(21,71)]
[CR,(45,6),(42,1)]
[CR,(8,17),(52,49)]
[CR,(76,23),(63,16)]
[CR,(57,17),(45,36)]
[CR,(36,13),(62,41)]
[CR,(19,17),(75,27)]
[CR,(52,12),(64,17)]
[CR,(74,40),(68,35)]
[CR,(21,12),(38,12)]
[CR,(78,78),(69,42)]
[CR,(12,21),(60,34)]
[CR,(69,77),(25,33)]
[CR,(37,36),(9,29)]
[CR,(4,49),(33,11)]
[CR,(39,4),(27,25)]
[CR,(69,24),(59,43)]
[CR,(20,53),(29,19)]
[CR,(64,35),(62,57)]
[CR,(23,57),(67,10)]
[CR,(20,35),(73,61)]
[CR,(5,49),(26,17)]
[CR,(43,44),(57,34)]
[CR,(31,19),(42,74)]
[CR,(43,52),(17,52)]
[CR,(44,39),(53,27)]
[CR,(66,52),(65,49)]
[CR,(33,53),(71,29)]
[CR,(7,5),(17,60)]
[CR,(58,40),(69,55)]
[CR,(61,20),(4,37)]
[CR,(79,45),(32,23)]
[CR,(49,15),(8,33)]
[CR,(2,68),(65,25)]
[CR,(41,37),(34,72)]
[CR,(77,77),(76,29)]
[CR,(36,74),(36,1)]
[CR,(7,76),(79,5)]
[CR,(62,32),(57,7)]
[CR,(61,54),(65,68)]
[CR,(58,45),(69,71)]
[CR,(10,1),(37,47)]
[CR,(8,11),(55,31)]
[CR,(49,7),(6,15)]
[CR,(47,35),(71,64)]
[CR,(47,3),(59,13)]
[CR,(49,1),(58,61)]
[CR,(12,33),(2,68)]
[CR,(75,3),(43,9)]
[CR,(72,18),(6,51)]
[CR,(51,25),(2,60)]
[CR,(64,5),(26,56)]
[CR,(10,54),(46,78)]
[CR,(55,63),(77,53)]
[CR,(10,77),(12,74)]
[CR,(79,52),(53,29)]
[CR,(39,52),(15,76)]
[CR,(0,58),(54,23)]
[CR,(63,51),(71,51)]
[CR,(29,76),(75,10)]
[CR,(76,38),(61,47)]
[CR,(4,37),(57,47)]
[CR,(46,71),(34,19)]
[CR,(28,49),(64,18)]
[CR,(66,4),(5,51)]
[CR,(22,63),(43,17)]
[CR,(48,14),(11,7)]
[CR,(13,48),(12,58)]
[CR,(6,7),(71,22)]
[CR,(72,57),(19,49)]
[CR,(64,67),(49,27)]
[CR,(37,44),(22,55)]
[CR,(49,23),(0,19)]
[CR,(13,51),(55,35)]
[CR,(9,77),(18,29)]
[CR,(69,37),(67,29)]
[CR,(46,78),(16,72)]
[CR,(24,62),(15,45)]
[CR,(52,53),(77,71)]
[CR,(15,75),(43,32)]
[CR,(56,66),(5,48)]
[CR,(43,43),(64,67)]
[CR,(30,20),(32,40)]
[CR,(7,47),(51,5)]
[CR,(24,13),(30,56)]
[CR,(8,73),(66,25)]
[CR,(79,2),(57,43)]
[CR,(46,16),(19,49)]
[CR,(73,8),(8,45)]
[CR,(34,26),(41,35)]
[CR,(67,40),(40,29)]
[CR,(8,17),(64,56)]
[CR,(22,11),(35,27)]
[CR,(28,62),(14,7)]
[CR,(37,45),(43,74)]
[CR,(6,32),(66,30)]
[CR,(26,61),(12,30)]
[CR,(56,54),(39,41)]
[CR,(61,43),(31,31)]
[CR,(76,16),(15,72)]
[CR,(31,73),(3,20)]
[CR,(40,33),(73,77)]
[CR,(56,74),(4,73)]
[CR,(11,31),(61,43)]
[CR,(63,6),(6,57)]
[CR,(63,17),(12,24)]
[CR,(16,35),(73,35)]
[CR,(7,48),(66,59)]
[CR,(68,29),(4,24)]
[CR,(0,22),(22,30)]
[CR,(62,78),(59,75)]
[CR,(1,17),(70,44)]
[CR,(74,70),(26,47)]
[CR,(28,32),(77,19)]
[CR,(31,68),(41,28)]
[CR,(60,36),(63,51)]
[CR,(43,26),(8,58)]
[CR,(55,16),(73,45)]
[CR,(43,44),(2,4)]
[CR,(76,58),(67,69)]
[CR,(2,1),(59,54)]
[CR,(51,23),(31,16)]
[CR,(62,0),(68,63)]
[CR,(49,34),(25,22)]
[CR,(8,68),(19,63)]
[CR,(3,36),(38,16)]
[CR,(50,72),(77,25)]
[CR,(31,77),(39,42)]
[CR,(56,59),(14,66)]
[CR,(56,74),(21,2)]
[CR,(50,45),(61,64)]
[CR,(57,76),(68,7)]
[CR,(30,15),(43,43)]
[CR,(38,54),(50,74)]
[CR,(39,55),(2,62)]
[CR,(48,47),(70,15)]
[CR,(50,41),(71,38)]
[CR,(47,76),(3,77)]
[CR,(78,30),(41,33)]
[CR,(23,55),(4,9)]
[CR,(65,64),(18,17)]
[CR,(70,10),(47,63)]
[CR,(47,75),(67,54)]
[CR,(49,20),(68,9)]
[CR,(20,30),(9,39)]
[CR,(44,2),(61,52)]
[CR,(70,71),(44,25)]
[CR,(33,70),(13,34)]
[CR,(54,42),(60,21)]
[CR,(69,20),(3,3)]
[CR,(61,74),(52,22)]
[CR,(56,79),(70,74)]
[CR,(1,62),(25,56)]
[CR,(67,32),(23,29)]
[CR,(15,29),(10,10)]
[CR,(25,63),(36,37)]
[CR,(32,34),(31,60)]
[CR,(56,71),(65,9)]
[CR,(54,56),(43,65)]
[CR,(7,22),(30,55)]
[CR,(29,46),(27,46)]
[CR,(7,42),(54,11)]
[CR,(60,35),(38,41)]
[CR,(68,52),(44,37)]
[CR,(19,42),(45,10)]
[CR,(67,24),(45,23)]
[CR,(45,71),(74,12)]
[CR,(19,11),(50,4)]
[CR,(77,16),(2,44)]
[CR,(78,67),(13,50)]
[CR,(34,77),(53,41)]
[CR,(38,26),(24,24)]
[CR,(52,72),(10,50)]
[CR,(58,43),(75,0)]
[CR,(54,45),(37,26)]
[CR,(32,19),(53,54)]
[CR,(4,26),(35,39)]
[CR,(74,48),(31,38)]
[CR,(36,48),(58,14)]
[CR,(19,37),(30,17)]
[CR,(23,79),(11,40)]
[CR,(49,52),(16,24)]
[CR,(22,29),(66,32)]
[CR,(18,65),(59,47)]
[CR,(54,48),(50,50)]
[CR,(49,5),(2,27)]
[CR,(6,63),(58,61)]
[CR,(15,41),(1,36)]
[CR,(62,36),(36,18)]
[CR,(44,54),(46,35)]
[CR,(48,76),(3,50)]
[CR,(45,11),(40,52)]
[CR,(40,20),(2,66)]
[CR,(53,70),(73,5)]
[CR,(13,78),(57,26)]
[CR,(78,41),(54,21)]
[CR,(15,26),(25,65)]
[CR,(46,38),(11,21)]
[CR,(57,13),(76,35)]
[CR,(21,3),(0,74)]
[CR,(30,76),(56,59)]
[CR,(75,55),(57,40)]
[CR,(77,33),(42,72)]
[CR,(36,26),(31,24)]
[CR,(30,69),(61,12)]
[CR,(13,40),(10,18)]
[CR,(4,4),(18,7)]
[CR,(14,62),(40,67)]
[CR,(10,28),(23,0)]
[CR,(23,43),(4,72)]
[CR,(24,13),(3,60)]
[CR,(5,48),(18,65)]
[CR,(62,73),(53,36)]
[CR,(76,0),(79,14)]
[CR,(37,69),(73,3)]
[CR,(75,32),(35,53)]
[CR,(51,38),(36,53)]
[CR,(29,23),(0,57)]
[CR,(4,53),(69,9)]
[CR,(36,47),(1,36)]
[CR,(19,11),(20,16)]
[CR,(30,50),(78,78)]
[CR,(49,4),(69,11)]
[CR,(66,77),(68,34)]
[CR,(26,32),(51,63)]
[CR,(17,31),(31,15)]
[CR,(37,77),(39,4)]
[CR,(71,74),(34,5)]
[CR,(34,14),(64,33)]
[CR,(24,17),(43,52)]
[CR,(59,6),(41,2)]
[CR,(37,72),(1,16)]
[CR,(69,13),(72,66)]
[CR,(55,55),(7,47)]
[CR,(62,9),(75,0)]
[CR,(32,7),(8,56)]
[CR,(46,6),(58,30)]
[CR,(31,66),(42,21)]
[CR,(72,78),(58,44)]
[CR,(26,22),(29,17)]
[CR,(55,49),(38,33)]
[CR,(50,51),(75,11)]
[CR,(67,30),(37,34)]
[CR,(4,40),(23,49)]
[CR,(76,71),(73,73)]
[CR,(5,57),(32,53)]
[CR,(43,49),(75,79)]
[CR,(51,75),(45,27)]
[CR,(53,65),(2,33)]
[CR,(8,22),(31,24)]
[CR,(9,47),(11,62)]
[CR,(55,50),(36,20)]
[CR,(79,54),(63,6)]
[CR,(15,42),(64,24)]
[CR,(40,2),(34,60)]
[CR,(37,59),(19,17)]
[CR,(50,64),(31,37)]
[CR,(27,37),(8,74)]
[CR,(19,33),(63,55)]
[CR,(30,24),(33,53)]
[CR,(43,6),(65,42)]
[CR,(17,40),(78,51)]
[CR,(36,37),(65,57)]
[CR,(52,58),(53,70)]
[CR,(51,2),(50,34)]
[CR,(65,36),(40,22)]
[CR,(6,54),(37,17)]
[CR,(59,0),(36,56)]
[CR,(53,75),(50,24)]
[CR,(63,73),(30,8)]
[CR,(50,78),(28,10)]
[CR,(52,59),(37,32)]
[CR,(43,43),(15,75)]
[CR,(60,7),(53,78)]
[CR,(69,36),(67,33)]
[CR,(66,60),(32,18)]
[CR,(32,10),(7,5)]
[CR,(28,15),(4,28)]
[CR,(39,1),(40,50)]
[CR,(9,19),(9,66)]
[CR,(78,16),(74,21)]
[CR,(33,17),(66,55)]
[CR,(68,46),(11,59)]
[CR,(25,65),(73,21)]
[CR,(32,38),(36,5)]
[CR,(78,14),(68,20)]
[CR,(22,67),(41,54)]
[CR,(7,54),(20,47)]
[CR,(1,4),(70,19)]
[CR,(36,23),(51,70)]
[CR,(8,57),(65,50)]
[CR,(35,67),(19,22)]
[CR,(74,3),(61,75)]
